Residue	PH	Hydrophobic	CPES	r.CPES20
A	-0.419929527483109	-0.0119073598888896	0.699827860572329	0.151819552539367	0.0164249705385146
C	0.825546736045473	-0.463901020977357	0.91374904065994	0.704689784268412	0.0762385921431277
D	0.135814771035146	-1.58173480646497	-0.919861074376729	0.582462056872419	0.063015085764078
E	0.227169998188832	-1.36302819626087	-0.919861074376729	0.65794968792049	0.0711819002174753
F	-0.419929527483109	-0.264634998346958	1.00542954641177	0.481642844057867	0.0521077120266546
G	-0.419929527483109	-0.0264878005691629	0.02750415172555	0.0673814246031681	0.0072898246335116
H	0.493622744053748	0.760855996165588	-0.828180568624896	0.677549280893917	0.0733023302396357
I	-0.419929527483109	-0.00218706610204106	1.52495241233883	0.111883197958133	0.0121043580980166
K	1.18335470906408	1.80578757825183	-1.04210174871251	1.30586187613949	0.141277868918754
L	-0.419929527483109	-0.0216276536757382	1.31103123225122	0.228349265621836	0.0247045251918891
M	-0.419929527483109	-0.138271179117924	0.730388029156273	0.348728339671663	0.0377280304759623
N	-0.419929527483109	-0.298656026600928	-0.919861074376729	0.486806810887897	0.0526663884397148
P	-0.419929527483109	0.133897046913842	-0.339217871281784	0.26718293248916	0.0289058406583729
Q	-0.419929527483109	-0.182012501158743	-0.919861074376729	0.412730557459568	0.0446522673346724
R	1.48025919731355	2.30152256138112	-1.22546276021617	1.61021687731633	0.174205260970467
S	-0.419929527483109	-0.16743206047847	-0.0947365226102279	0.188152860311775	0.0203557785256733
T	-0.419929527483109	-0.206313235625865	-0.0641763540262834	0.177157488422088	0.0191662172581858
V	-0.419929527483109	-0.0313479474625872	1.433271906587	0.266218380598314	0.0288014882470726
W	-0.419929527483109	-0.065368975716558	-0.125296691194172	0.15094864950696	0.0163307497585827
Y	1.11331570157958	-0.177152354265319	-0.24753736552995	0.365484257772748	0.0395408105596392
